% Slip and twinning systems in Mg (c/a = 1.624)
% first 3 numbers: direction, second 3 numbers: plane normal
%%%%%%%%%%%%%%%%%%%%%%%%%%%%%%%%%%%%%%%%%%%%%%%%%%%%%%%%%%%%%

% Slip systems:
%----------------------------------------------
% {0 0 0 1} <-1 2 -1 0> basal slip (in <a> direction)
0.5	0.866	0.0	0.0	0.0	1.0
0.5	-0.866	0.0	0.0	0.0	1.0
1.0	0.0	0.0	0.0	0.0	1.0

% {1 0 -1 0} <-1 2 -1 0> prism slip (in <a> direction)
0.5	0.866	0.0	0.866	-0.5	0.0
0.5	-0.866	0.0	0.866	0.5	0.0
1.0	0.0	0.0	0.0	1.0	0.0

% {1 0 -1 1} <-1 2 -1 0> pyramidal slip (in <a> direction)
0.5	-0.866	0.0	0.764	0.441	0.471
1.0	0.0	0.0	0.0	0.882	0.471
0.5	0.866	0.0	-0.764	0.441	0.471
0.5	-0.866	0.0	-0.764	-0.441	0.471
1.0	0.0	0.0	0.0	-0.882	0.471
0.5	0.866	0.0	0.764	-0.441	0.471

% {1 0 -1 1} <-1 -1 2 3> 1st order pyramidal slip (in <c+a> direction)
-0.262	-0.454	0.852	0.764	0.441	0.471
-0.524	0.0	0.852	0.764	0.441	0.471
0.262	-0.454	0.852	0.0	0.882	0.471
-0.262	-0.454	0.852	0.0	0.882	0.471
0.524	0.0	0.852	-0.764	0.441	0.471
0.262	-0.454	0.852	-0.764	0.441	0.471
0.262	0.454	0.852	-0.764	-0.441	0.471
0.524	0.0	0.852	-0.764	-0.441	0.471
-0.262	0.454	0.852	0.0	-0.882	0.471
0.262	0.454	0.852	0.0	-0.882	0.471
-0.524	0.0	0.852	0.764	-0.441	0.471
-0.262	0.454	0.852	0.764	-0.441	0.471

% {1 1 -2 2} <-1 -1 2 3> 2nd order pyramidal slip (in <c+a> direction)
-0.262	-0.454	0.852	0.426	0.737	0.524
0.262	-0.454	0.852	-0.426	0.737	0.524
0.524	0.0	0.852	-0.852	0.0	0.524
0.262	0.454	0.852	-0.426	-0.737	0.524
-0.262	0.454	0.852	0.426	-0.737	0.524
-0.524	0.0	0.852	0.852	0.0	0.524

%%%%%%%%%%%%%%%%%%%%%%%%%%%%%%%%%%%%%%%%%%%
% Twinning systems:
% ------------------------------------------
% {1 0 -1 2} <-1 0 1 1> tension twin
-0.632	-0.365	0.684	0.592	0.342	0.73
0.0	-0.73	0.684	0.0	0.684	0.73
0.632	-0.365	0.684	-0.592	0.342	0.73
0.632	0.365	0.684	-0.592	-0.342	0.73
0.0	0.73	0.684	0.0	-0.684	0.73
-0.632	0.365	0.684	0.592	-0.342	0.73

% {1 1 -2 1} <-1 -1 2 6> tension twin
-0.147	-0.255	0.956	0.478	0.828	0.294
0.147	-0.255	0.956	-0.478	0.828	0.294
0.294	0.0	0.956	-0.956	0.0	0.294
0.147	0.255	0.956	-0.478	-0.828	0.294
-0.147	0.255	0.956	0.478	-0.828	0.294
-0.294	0.0	0.956	0.956	0.0	0.294

% {1 1 -2 2} <1 1 -2 -3> compression twin
0.262	0.454	-0.852	0.426	0.737	0.524
-0.262	0.454	-0.852	-0.426	0.737	0.524
-0.524	0.0	-0.852	-0.852	0.0	0.524
-0.262	-0.454	-0.852	-0.426	-0.737	0.524
0.262	-0.454	-0.852	0.426	-0.737	0.524
0.524	0.0	-0.852	0.852	0.0	0.524

% {1 0 -1 1} <1 0 -1 -2> compression twin
0.408	0.235	-0.882	0.764	0.441	0.471
0.0	0.471	-0.882	0.0	0.882	0.471
-0.408	0.235	-0.882	-0.764	0.441	0.471
-0.408	-0.235	-0.882	-0.764	-0.441	0.471
0.0	-0.471	-0.882	0.0	-0.882	0.471
0.408	-0.235	-0.882	0.764	-0.441	0.471







