% Slip and twinning systems in Ti (c/a = 1.587)
% first 3 numbers: direction, second 3 numbers: plane normal
%%%%%%%%%%%%%%%%%%%%%%%%%%%%%%%%%%%%%%%%%%%%%%%%%%%%%%%%%%%%%

% Slip systems:
%----------------------------------------------
% {0 0 0 1} <-1 2 -1 0> basal slip (in <a> direction)
0.5	0.866	0.0	0.0	0.0	1.0
0.5	-0.866	0.0	0.0	0.0	1.0
1.0	0.0	0.0	0.0	0.0	1.0

% {1 0 -1 0} <-1 2 -1 0> prism slip (in <a> direction)
0.5	0.866	0.0	0.866	-0.5	0.0
0.5	-0.866	0.0	0.866	0.5	0.0
1.0	0.0	0.0	0.0	1.0	0.0

% {1 0 -1 1} <-1 2 -1 0> pyramidal slip (in <a> direction)
0.5	-0.866	0.0	0.76	0.439	0.479
1.0	0.0	0.0	0.0	0.878	0.479
0.5	0.866	0.0	-0.76	0.439	0.479
0.5	-0.866	0.0	-0.76	-0.439	0.479
1.0	0.0	0.0	0.0	-0.878	0.479
0.5	0.866	0.0	0.76	-0.439	0.479

% {1 0 -1 1} <-1 -1 2 3> 1st order pyramidal slip (in <c+a> direction)
-0.267	-0.462	0.846	0.76	0.439	0.479
-0.533	0.0	0.846	0.76	0.439	0.479
0.267	-0.462	0.846	0.0	0.878	0.479
-0.267	-0.462	0.846	0.0	0.878	0.479
0.533	0.0	0.846	-0.76	0.439	0.479
0.267	-0.462	0.846	-0.76	0.439	0.479
0.267	0.462	0.846	-0.76	-0.439	0.479
0.533	0.0	0.846	-0.76	-0.439	0.479
-0.267	0.462	0.846	0.0	-0.878	0.479
0.267	0.462	0.846	0.0	-0.878	0.479
-0.533	0.0	0.846	0.76	-0.439	0.479
-0.267	0.462	0.846	0.76	-0.439	0.479

% {1 1 -2 2} <-1 -1 2 3> 2nd order pyramidal slip (in <c+a> direction)
-0.267	-0.462	0.846	0.423	0.733	0.533
0.267	-0.462	0.846	-0.423	0.733	0.533
0.533	0.0	0.846	-0.846	0.0	0.533
0.267	0.462	0.846	-0.423	-0.733	0.533
-0.267	0.462	0.846	0.423	-0.733	0.533
-0.533	0.0	0.846	0.846	0.0	0.533

%%%%%%%%%%%%%%%%%%%%%%%%%%%%%%%%%%%%%%%%%%%
% Twinning systems:
% ------------------------------------------
% {1 0 -1 2} <-1 0 1 1> tension twin
-0.639	-0.369	0.676	0.585	0.338	0.737
0.0	-0.737	0.676	0.0	0.676	0.737
0.639	-0.369	0.676	-0.585	0.338	0.737
0.639	0.369	0.676	-0.585	-0.338	0.737
0.0	0.737	0.676	0.0	-0.676	0.737
-0.639	0.369	0.676	0.585	-0.338	0.737

% {1 1 -2 1} <-1 -1 2 6> tension twin
-0.15	-0.26	0.954	0.477	0.826	0.301
0.15	-0.26	0.954	-0.477	0.826	0.301
0.301	0.0	0.954	-0.954	0.0	0.301
0.15	0.26	0.954	-0.477	-0.826	0.301
-0.15	0.26	0.954	0.477	-0.826	0.301
-0.301	0.0	0.954	0.954	0.0	0.301

% {1 1 -2 2} <1 1 -2 -3> compression twin
0.267	0.462	-0.846	0.423	0.733	0.533
-0.267	0.462	-0.846	-0.423	0.733	0.533
-0.533	0.0	-0.846	-0.846	0.0	0.533
-0.267	-0.462	-0.846	-0.423	-0.733	0.533
0.267	-0.462	-0.846	0.423	-0.733	0.533
0.533	0.0	-0.846	0.846	0.0	0.533

% {1 0 -1 1} <1 0 -1 -2> compression twin
0.415	0.24	-0.878	0.76	0.439	0.479
0.0	0.479	-0.878	0.0	0.878	0.479
-0.415	0.24	-0.878	-0.76	0.439	0.479
-0.415	-0.24	-0.878	-0.76	-0.439	0.479
0.0	-0.479	-0.878	0.0	-0.878	0.479
0.415	-0.24	-0.878	0.76	-0.439	0.479







